240 16 3
0.887806 -0.080885 -0.022928 0.024780 0.038330 0.069092 0.004016 0.088486 -0.017363 0.053353 -0.993805 0.008546 0.021241 0.011354 0.002243 0.069487 
0 0 0
0.886361 -0.083623 -0.012170 0.026611 0.044556 0.090820 0.005572 0.148928 -0.017686 0.054461 -0.993981 0.012207 0.015015 0.012451 0.002071 0.053849 
0 0 0
0.885718 -0.066608 -0.101865 0.034546 0.055298 0.104004 0.006779 0.158088 -0.017448 0.055380 -0.993688 0.008424 0.015870 0.010499 0.002134 0.061832 
0 0 0
0.883818 -0.046965 -0.125929 0.034058 0.030518 0.073975 0.005943 0.136355 -0.018309 0.063326 -0.993669 0.011720 0.020875 0.009522 0.002065 0.065916 
0 0 0
0.881742 -0.038363 -0.141772 0.053711 0.089355 0.083130 0.009237 0.229649 -0.018617 0.068761 -0.993319 0.011109 0.022462 0.016603 0.002734 0.080816 
0 0 0
0.883081 -0.060539 -0.117510 0.038208 0.105957 0.090088 0.008124 0.222515 -0.020620 0.070928 -0.992910 0.022461 0.029175 0.012085 0.002573 0.076102 
0 0 0
0.881255 -0.121947 -0.053198 0.091064 0.098389 0.185303 0.013762 0.358304 -0.018657 0.069843 -0.993099 0.017091 0.028565 0.014894 0.003034 0.094855 
0 0 0
0.885964 -0.092199 -0.040711 0.036499 0.028809 0.082886 0.005520 0.130835 -0.016118 0.066954 -0.993395 0.038208 0.047853 0.017090 0.003142 0.099038 
0 0 0
0.884762 -0.086896 -0.071794 0.031250 0.039673 0.088013 0.005277 0.128650 -0.016475 0.069150 -0.992962 0.015381 0.013916 0.009521 0.001690 0.051716 
0 0 0
0.886645 -0.081016 -0.020949 0.034424 0.044678 0.076538 0.005308 0.139158 -0.016426 0.069913 -0.993075 0.011963 0.018312 0.012574 0.002240 0.069218 
0 0 0
0.885428 -0.091466 0.000361 0.016968 0.034424 0.118164 0.003521 0.099595 -0.015915 0.069384 -0.992918 0.012940 0.014283 0.014283 0.002497 0.080636 
0 0 0
0.885062 -0.090335 0.015265 0.026611 0.075928 0.119507 0.005231 0.117796 -0.015103 0.067712 -0.992887 0.011842 0.013063 0.009889 0.001933 0.057114 
0 0 0
0.884186 -0.037209 -0.111501 0.030884 0.052856 0.154297 0.006753 0.154781 -0.015197 0.067400 -0.992840 0.014282 0.025757 0.009644 0.001850 0.055759 
0 0 0
0.882090 -0.051641 -0.124066 0.035156 0.070435 0.106201 0.007968 0.224136 -0.017399 0.086350 -0.992196 0.015260 0.020631 0.022218 0.002936 0.083344 
0 0 0
0.885212 -0.062093 -0.085098 0.022339 0.042725 0.074341 0.004219 0.124671 -0.016634 0.085220 -0.991890 0.020508 0.019531 0.013672 0.002569 0.077139 
0 0 0
0.883988 -0.089727 -0.068543 0.018066 0.031738 0.122437 0.003615 0.080816 -0.015923 0.082747 -0.992052 0.009644 0.015991 0.011475 0.002135 0.064561 
0 0 0
0.875368 -0.071248 -0.169285 0.018799 0.039551 0.087524 0.005060 0.130204 -0.014386 0.082402 -0.991912 0.008179 0.018188 0.010498 0.001969 0.065526 
0 0 0
0.872625 -0.053724 -0.193560 0.035034 0.037354 0.070068 0.006284 0.154193 -0.014749 0.093204 -0.991312 0.007446 0.011963 0.010742 0.002151 0.072053 
0 0 0
0.877308 -0.097090 -0.025508 0.036255 0.112671 0.380249 0.005841 0.143021 -0.014582 0.096021 -0.990713 0.017212 0.017578 0.022827 0.003376 0.113247 
0 0 0
0.845114 -0.160544 0.224417 0.093140 0.076416 0.256958 0.007148 0.213158 -0.013400 0.084935 -0.991799 0.011476 0.025880 0.012696 0.002477 0.082425 
0 0 0
0.858328 -0.118244 0.159425 0.028687 0.032349 0.109863 0.004939 0.144297 -0.329725 0.233354 -0.953831 0.031860 0.025391 0.024170 0.005315 0.165620 
0 0 0
0.856483 -0.124495 0.162119 0.039185 0.032104 0.110718 0.005021 0.130810 -0.328153 0.216608 -0.958088 0.016603 0.037232 0.014772 0.003170 0.096856 
0 0 0
0.854207 -0.128859 0.171618 0.036011 0.036621 0.126587 0.005619 0.141047 -0.329613 0.214118 -0.958182 0.012207 0.010010 0.014282 0.003440 0.109654 
0 0 0
0.857809 -0.127464 0.152290 0.039429 0.037720 0.095093 0.006312 0.173600 -0.329657 0.213417 -0.958682 0.011353 0.011108 0.018188 0.004124 0.132167 
0 0 0
0.854502 -0.139318 0.149136 0.117676 0.154053 0.274536 0.021773 0.480077 -0.327033 0.221940 -0.957251 0.023193 0.045898 0.018188 0.003698 0.115583 
0 0 0
0.836549 -0.174440 0.221004 0.069458 0.095093 0.129395 0.012960 0.327152 -0.227409 0.215600 -0.965008 0.631837 0.242921 0.207643 0.035794 0.472134 
0 0 0
0.844119 -0.152391 0.203158 0.066528 0.081543 0.219971 0.011245 0.306794 -0.055474 0.204424 -0.983478 0.043702 0.058473 0.023194 0.003283 0.072882 
0 0 0
0.860506 -0.115757 0.146634 0.065674 0.075439 0.162354 0.009203 0.241129 -0.048265 0.201941 -0.982878 0.021852 0.016358 0.008912 0.002138 0.061456 
0 0 0
0.816619 -0.164971 0.293680 0.087769 0.170776 0.245117 0.013330 0.260923 -0.048631 0.197562 -0.983556 0.015138 0.013551 0.009400 0.001851 0.056552 
0 0 0
0.784126 -0.162113 0.390994 0.117432 0.158936 0.235596 0.019745 0.454249 -0.046639 0.162190 -0.989870 0.025513 0.025635 0.022583 0.003880 0.101810 
0 0 0
0.829808 -0.097510 0.274997 0.138672 0.175293 0.342773 0.016656 0.352350 -0.051859 0.152052 -0.991616 0.022706 0.033937 0.015870 0.002697 0.079428 
0 0 0
0.866626 -0.042686 0.132179 0.033081 0.048950 0.194946 0.007279 0.225630 -0.052052 0.144554 -0.993102 0.017334 0.018921 0.012573 0.001911 0.055563 
0 0 0
0.861356 -0.047065 0.168566 0.049316 0.044067 0.136108 0.008945 0.219785 -0.045433 0.149881 -0.991854 0.031128 0.028809 0.010010 0.002035 0.065687 
0 0 0
0.874279 -0.052900 0.086279 0.034058 0.070312 0.244629 0.007251 0.215208 -0.044401 0.162933 -0.989456 0.183229 0.071900 0.031983 0.004084 0.096160 
0 0 0
0.871156 -0.041961 0.107261 0.035278 0.049194 0.127319 0.005724 0.154030 -0.046707 0.172247 -0.988346 0.129151 0.097657 0.092652 0.008717 0.170948 
0 0 0
0.871476 -0.035734 0.111462 0.032959 0.019531 0.117920 0.006184 0.162962 -0.043607 0.166339 -0.989170 0.017212 0.025391 0.012451 0.002427 0.065558 
0 0 0
0.873503 -0.035820 0.095158 0.022339 0.020996 0.084961 0.003800 0.105703 -0.042879 0.167778 -0.988892 0.014282 0.011353 0.009521 0.001606 0.047890 
0 0 0
0.871776 -0.037964 0.100570 0.016357 0.013794 0.071655 0.003195 0.080427 -0.042811 0.168125 -0.989204 0.016479 0.015381 0.012817 0.002011 0.055886 
0 0 0
0.871867 -0.040080 0.102725 0.035522 0.020264 0.102539 0.005876 0.171420 -0.042484 0.170324 -0.988527 0.015138 0.011109 0.009889 0.001814 0.050512 
0 0 0
0.870571 -0.044782 0.110405 0.021484 0.012207 0.078247 0.003677 0.112903 -0.043084 0.172118 -0.988278 0.012818 0.026002 0.011354 0.002059 0.057746 
0 0 0
0.877882 -0.047171 -0.065208 0.029541 0.050781 0.081055 0.006619 0.188891 -1.086746 0.044319 0.217203 0.051271 0.081056 0.085084 0.005619 0.158464 
0 0 1
0.874486 -0.059215 -0.107741 0.034180 0.046265 0.113770 0.005634 0.155198 -1.088884 0.069478 0.198494 0.023926 0.044800 0.098511 0.004072 0.122214 
0 0 1
0.874969 -0.070265 -0.112542 0.026855 0.032715 0.094482 0.005400 0.150844 -1.104199 0.087752 0.084431 0.029664 0.042848 0.177491 0.003593 0.101246 
0 0 1
0.871558 -0.078582 -0.133096 0.024536 0.039185 0.053223 0.004778 0.134764 -1.106981 0.101012 -0.039142 0.025146 0.045288 0.036743 0.003686 0.104912 
0 0 1
0.868903 -0.098216 -0.147967 0.033569 0.051514 0.102295 0.005870 0.182614 -1.106481 0.102207 -0.044565 0.008667 0.020265 0.023316 0.002076 0.065338 
0 0 1
0.876200 -0.090633 -0.050356 0.030151 0.036133 0.223267 0.007289 0.178020 -1.106081 0.108223 -0.036069 0.014039 0.036500 0.037232 0.002806 0.082857 
0 0 1
0.875882 -0.081326 -0.076808 0.031128 0.032349 0.170898 0.006866 0.188844 -1.105659 0.116241 -0.029287 0.020265 0.041871 0.043946 0.003469 0.098995 
0 0 1
0.873568 -0.082557 -0.117935 0.029785 0.031128 0.101929 0.005676 0.155754 -1.106161 0.114549 -0.021287 0.017457 0.043092 0.048097 0.003550 0.113483 
0 0 1
0.876069 -0.058696 -0.098216 0.052124 0.067993 0.064331 0.007982 0.199801 -1.107253 0.107391 -0.017433 0.022095 0.022339 0.033813 0.003513 0.102012 
0 0 1
0.874884 -0.038335 -0.120552 0.028809 0.032227 0.075073 0.005234 0.137295 -1.101424 0.036248 0.103281 0.033203 0.172729 0.225464 0.004904 0.133056 
0 0 1
0.874618 -0.040768 -0.121121 0.026489 0.060303 0.129761 0.004964 0.122018 -1.090583 -0.072303 0.175537 0.032227 0.042969 0.057861 0.004168 0.109256 
0 0 1
0.878332 -0.016421 -0.086523 0.042236 0.044312 0.067261 0.005236 0.119399 -1.092345 -0.055936 0.171378 0.015382 0.040284 0.052369 0.002366 0.073114 
0 0 1
0.877494 -0.019800 -0.096576 0.023804 0.036255 0.076172 0.004824 0.142934 -1.097078 -0.049134 0.149731 0.015747 0.023926 0.041382 0.002887 0.089903 
0 0 1
0.869518 -0.021159 -0.164255 0.040405 0.091553 0.157959 0.007336 0.182566 -1.094909 -0.046750 0.163205 0.011597 0.026245 0.028687 0.002333 0.073112 
0 0 1
0.867192 -0.007332 -0.190508 0.040527 0.065063 0.092529 0.006668 0.163191 -1.094250 -0.045983 0.166151 0.017944 0.051025 0.050293 0.003023 0.084147 
0 0 1
0.869912 -0.024855 -0.169954 0.044556 0.039429 0.087891 0.006081 0.136104 -1.093934 -0.035430 0.171781 0.018799 0.049805 0.028809 0.003030 0.085439 
0 0 1
0.870363 -0.031230 -0.170449 0.033081 0.051270 0.062256 0.008167 0.207388 -1.089666 -0.026154 0.198973 0.039673 0.125122 0.076294 0.005557 0.152103 
0 0 1
0.874128 -0.044508 -0.123895 0.060913 0.057861 0.123657 0.008028 0.212734 -1.086676 -0.041615 0.208302 0.033204 0.136230 0.077515 0.004595 0.133163 
0 0 1
0.875299 -0.042869 -0.116670 0.036133 0.032471 0.138062 0.007602 0.174382 -1.087085 0.021543 0.214162 0.024170 0.024903 0.067383 0.003044 0.092891 
0 0 1
0.875039 -0.032091 -0.119912 0.036255 0.037354 0.188965 0.007817 0.198894 -1.091691 0.024264 0.193068 0.042725 0.026001 0.049927 0.004649 0.106286 
0 0 1
0.879209 -0.033721 -0.177922 0.042725 0.093506 0.088135 0.008292 0.166138 0.883421 0.030187 0.070910 0.136963 0.274048 0.167114 0.018934 0.422952 
0 0 1
0.872433 -0.170311 -0.133905 0.067383 0.195190 0.146484 0.009728 0.219632 0.877757 0.111689 0.084915 0.035156 0.212769 0.118652 0.005780 0.163215 
0 0 1
0.864712 -0.125405 -0.222350 0.080078 0.244141 0.126343 0.010679 0.238769 0.879829 0.057847 0.115098 0.055298 0.258301 0.086914 0.009006 0.236086 
0 0 1
0.865858 -0.102705 -0.233695 0.027588 0.120728 0.045288 0.005368 0.112561 0.885864 -0.021089 0.057447 0.031129 0.325807 0.179078 0.006741 0.161320 
0 0 1
0.855685 -0.149762 -0.257243 0.022217 0.048950 0.047241 0.005100 0.118325 0.884654 0.020515 0.061031 0.028688 0.216920 0.118165 0.004095 0.123390 
0 0 1
0.858605 -0.127837 -0.254383 0.039185 0.190308 0.059814 0.005533 0.128815 0.889586 -0.061506 0.008961 0.010255 0.023316 0.046876 0.002571 0.083885 
0 0 1
0.868149 -0.076758 -0.230934 0.038818 0.112183 0.065918 0.008232 0.184790 0.885159 0.008147 0.055691 0.032105 0.202149 0.176759 0.005759 0.159076 
0 0 1
0.861147 -0.116953 -0.252397 0.032227 0.107666 0.068726 0.006522 0.142970 0.882810 0.036041 0.089241 0.034059 0.207154 0.124269 0.005209 0.149607 
0 0 1
0.866545 -0.066455 -0.246504 0.027466 0.102295 0.046387 0.005615 0.128403 0.888720 -0.018398 -0.001440 0.033936 0.196411 0.179443 0.006727 0.204041 
0 0 1
0.868071 -0.053267 -0.245246 0.063843 0.173706 0.100464 0.011973 0.289146 0.872756 0.138893 0.113742 0.036865 0.097412 0.061035 0.005366 0.131665 
0 0 1
0.861706 -0.087982 -0.260675 0.030518 0.045410 0.046753 0.006053 0.138809 0.869531 0.156758 0.110602 0.013672 0.049438 0.059570 0.003114 0.093006 
0 0 1
0.863802 -0.080739 -0.254857 0.017578 0.036621 0.042114 0.003856 0.100442 0.870926 0.168636 0.080286 0.015625 0.026123 0.038208 0.002684 0.079198 
0 0 1
0.862770 -0.084714 -0.259635 0.038086 0.048096 0.107666 0.008093 0.207296 0.871912 0.166842 0.074139 0.012817 0.026123 0.026611 0.002549 0.080247 
0 0 1
0.864806 -0.080535 -0.258547 0.281616 0.544678 0.198486 0.029045 0.398503 0.872783 0.157116 0.086234 0.017456 0.077637 0.067993 0.003110 0.078373 
0 0 1
0.862987 -0.117331 -0.239347 0.097290 0.261597 0.141724 0.016668 0.412118 0.877197 0.109227 0.107588 0.037476 0.164917 0.107056 0.006599 0.167693 
0 0 1
0.863761 -0.123626 -0.235649 0.026978 0.045410 0.062012 0.006092 0.168433 0.885208 -0.089393 0.028236 0.065674 0.134644 0.148071 0.011040 0.255610 
0 0 1
0.866131 -0.115508 -0.228398 0.022705 0.046753 0.063843 0.005120 0.150680 0.885462 -0.109575 -0.015470 0.024292 0.054443 0.051392 0.004828 0.135880 
0 0 1
0.871170 -0.084932 -0.219858 0.042969 0.088257 0.067749 0.007456 0.133603 0.886880 -0.075809 -0.048537 0.029420 0.095582 0.077638 0.005590 0.139049 
0 0 1
0.872021 -0.072170 -0.217782 0.021240 0.058594 0.045410 0.005269 0.133214 0.872576 0.117610 0.087825 0.059205 0.259522 0.219361 0.005837 0.165453 
0 0 1
0.867598 -0.123096 -0.213743 0.050537 0.074951 0.094604 0.008792 0.193245 0.869615 0.137298 0.114044 0.036622 0.215577 0.097657 0.004484 0.111065 
0 0 1
0.646675 -0.047178 -0.687126 0.027222 0.050171 0.086182 0.010546 0.187951 0.359997 0.130983 -0.870433 0.161987 0.077148 0.101562 0.009226 0.153052 
0 1 0
0.616353 -0.097795 -0.717730 0.122803 0.124023 0.129883 0.019831 0.403630 0.399912 0.130482 -0.849258 0.074464 0.028565 0.053102 0.007495 0.146594 
0 1 0
0.590645 -0.130677 -0.737438 0.022583 0.036499 0.090454 0.011730 0.210822 0.372701 0.133074 -0.866893 0.094727 0.189087 0.201904 0.024017 0.300964 
0 1 0
0.595641 -0.124033 -0.738189 0.036621 0.047729 0.115356 0.011195 0.239761 0.391416 0.130088 -0.854979 0.018434 0.013551 0.025514 0.005180 0.119931 
0 1 0
0.614399 -0.137806 -0.717171 0.060791 0.032715 0.119873 0.011610 0.273748 0.393696 0.128032 -0.854066 0.014039 0.011964 0.021974 0.004210 0.097404 
0 1 0
0.619370 -0.130732 -0.711182 0.033691 0.039917 0.127686 0.009854 0.214907 0.395629 0.128053 -0.852769 0.019776 0.015992 0.024415 0.003932 0.095408 
0 1 0
0.617581 -0.139308 -0.710560 0.020508 0.028442 0.106201 0.010483 0.223294 0.399980 0.126666 -0.851502 0.044556 0.016846 0.022827 0.004827 0.092974 
0 1 0
0.620760 -0.137158 -0.711532 0.023560 0.044067 0.082520 0.010685 0.261109 0.400817 0.126794 -0.850303 0.013916 0.009521 0.011230 0.002304 0.062156 
0 1 0
0.619593 -0.137544 -0.707368 0.020752 0.032593 0.060303 0.008940 0.197239 0.401066 0.126408 -0.850013 0.008301 0.010498 0.009521 0.002336 0.071809 
0 1 0
0.619385 -0.137004 -0.710618 0.019653 0.038940 0.096069 0.009852 0.212714 0.401279 0.126572 -0.849871 0.009033 0.010742 0.009888 0.002305 0.072678 
0 1 0
0.619211 -0.137210 -0.708110 0.029541 0.051392 0.088135 0.011262 0.217990 0.401117 0.126668 -0.849775 0.031494 0.010743 0.011475 0.002850 0.070598 
0 1 0
0.619717 -0.133493 -0.712080 0.025391 0.056152 0.084229 0.008635 0.199293 0.400591 0.127656 -0.848576 0.050416 0.039552 0.023805 0.004957 0.088136 
0 1 0
0.613504 -0.087507 -0.727396 0.030151 0.074951 0.087646 0.010759 0.236910 0.402224 0.126367 -0.849715 0.013551 0.015015 0.016236 0.003010 0.086935 
0 1 0
0.620168 -0.080103 -0.716917 0.022705 0.061646 0.110229 0.010980 0.236189 0.403883 0.128385 -0.849211 0.043213 0.032959 0.027100 0.005211 0.116655 
0 1 0
0.618228 -0.083957 -0.720828 0.028564 0.031372 0.098633 0.009918 0.222298 0.402520 0.129624 -0.847796 0.033814 0.012940 0.018678 0.003977 0.091237 
0 1 0
0.607446 -0.090898 -0.733433 0.031982 0.053833 0.099243 0.011036 0.262163 0.398012 0.130839 -0.851090 0.030518 0.013428 0.031494 0.005277 0.103221 
0 1 0
0.602544 -0.107067 -0.733991 0.024536 0.045044 0.108521 0.012060 0.271492 0.386309 0.130667 -0.857165 0.019165 0.016236 0.022462 0.004608 0.112006 
0 1 0
0.604010 -0.107866 -0.732404 0.025269 0.036987 0.126587 0.011934 0.240090 0.393440 0.131108 -0.854046 0.011720 0.013185 0.016358 0.003379 0.094376 
0 1 0
0.604797 -0.107189 -0.730877 0.023438 0.054321 0.122925 0.011713 0.251526 0.396197 0.130147 -0.853143 0.045654 0.032715 0.017456 0.004359 0.096537 
0 1 0
0.605552 -0.112215 -0.729103 0.024658 0.053223 0.082764 0.009831 0.233502 0.394393 0.129993 -0.853275 0.009644 0.011231 0.012574 0.002866 0.084474 
0 1 0
0.647887 -0.052052 -0.675855 0.048706 0.021362 0.096069 0.007617 0.163851 -0.613153 0.274827 -0.827119 0.062867 0.054566 0.057496 0.006619 0.140385 
0 1 0
0.648926 -0.052850 -0.676971 0.040161 0.022461 0.094116 0.007019 0.165797 -0.631087 0.274387 -0.816847 0.009400 0.012452 0.011476 0.002163 0.058783 
0 1 0
0.647767 -0.053377 -0.678996 0.037231 0.023804 0.106445 0.008523 0.187149 -0.630775 0.273755 -0.816799 0.010377 0.014527 0.013795 0.002744 0.076992 
0 1 0
0.632843 -0.050915 -0.698143 0.033936 0.027954 0.069458 0.008599 0.220431 -0.630571 0.273979 -0.817197 0.008912 0.015748 0.014161 0.002610 0.072885 
0 1 0
0.625356 -0.046569 -0.704989 0.026611 0.023315 0.072144 0.008267 0.210592 -0.630483 0.273415 -0.817456 0.013307 0.012086 0.017945 0.004074 0.126209 
0 1 0
0.623534 -0.046239 -0.707327 0.053345 0.036987 0.108643 0.009434 0.223362 -0.630448 0.273102 -0.817697 0.010255 0.013917 0.017823 0.003267 0.097567 
0 1 0
0.621084 -0.046659 -0.711997 0.042236 0.023315 0.065674 0.009221 0.191740 -0.629932 0.272764 -0.818506 0.015382 0.016236 0.031129 0.004667 0.127609 
0 1 0
0.631152 -0.052632 -0.698698 0.039062 0.030884 0.092285 0.009334 0.230176 -0.629927 0.272612 -0.817663 0.011963 0.011719 0.033813 0.004269 0.115006 
0 1 0
0.616694 -0.047586 -0.717257 0.031494 0.021729 0.053223 0.007095 0.197307 -0.629863 0.272962 -0.817878 0.015260 0.013917 0.024049 0.004143 0.115893 
0 1 0
0.619121 -0.047611 -0.714924 0.060547 0.019287 0.079224 0.009533 0.230204 -0.630143 0.272679 -0.818335 0.017213 0.012330 0.028198 0.005228 0.149334 
0 1 0
0.623704 -0.051213 -0.709505 0.032959 0.026001 0.074219 0.007020 0.175713 -0.630155 0.272891 -0.818618 0.011354 0.014772 0.017335 0.003081 0.091409 
0 1 0
0.630509 -0.054147 -0.700094 0.044312 0.027344 0.086548 0.008409 0.214720 -0.630236 0.272988 -0.818302 0.010620 0.015625 0.016235 0.003095 0.093121 
0 1 0
0.633468 -0.053960 -0.698612 0.033569 0.019165 0.050781 0.006059 0.145140 -0.630011 0.273047 -0.818216 0.013307 0.012330 0.018189 0.003648 0.105928 
0 1 0
0.630754 -0.051790 -0.701190 0.023438 0.021973 0.058594 0.006322 0.166143 -0.629679 0.272695 -0.818267 0.008424 0.011354 0.013429 0.002650 0.079817 
0 1 0
0.639382 -0.051439 -0.691973 0.028076 0.019775 0.058716 0.006511 0.158620 -0.573094 0.279367 -0.848914 0.148560 0.113281 0.117188 0.011355 0.262074 
0 1 0
0.643053 -0.052559 -0.685771 0.031494 0.017700 0.061157 0.005413 0.128224 -0.344578 0.341394 -0.914839 0.250245 0.122804 0.098146 0.013962 0.333562 
0 1 0
0.644533 -0.055011 -0.685646 0.034912 0.019287 0.056396 0.005930 0.145845 -0.227134 0.358740 -0.933304 0.048340 0.178467 0.104248 0.016811 0.349369 
0 1 0
0.643952 -0.050132 -0.687472 0.023560 0.021851 0.041260 0.004859 0.130180 -0.236227 0.352988 -0.935210 0.013428 0.016479 0.012817 0.002240 0.072481 
0 1 0
0.640425 -0.052625 -0.689331 0.025757 0.020874 0.064697 0.005997 0.155957 -0.237671 0.347588 -0.936414 0.034180 0.026733 0.036743 0.003559 0.097206 
0 1 0
0.644709 -0.053278 -0.685119 0.028198 0.023560 0.083496 0.006623 0.156025 -0.227534 0.314997 -0.948037 0.062745 0.089479 0.120729 0.011026 0.256699 
0 1 0
0.495329 -0.051510 0.779447 0.036621 0.042236 0.038208 0.006452 0.186647 0.147542 0.027565 -0.965317 0.007325 0.011720 0.007691 0.001583 0.044488 
0 1 1
0.482756 -0.091919 0.783283 0.040405 0.058960 0.057251 0.007182 0.175906 0.147364 0.025673 -0.965618 0.007325 0.009400 0.008058 0.001706 0.047786 
0 1 1
0.491133 -0.090675 0.775182 0.057373 0.052002 0.081299 0.010217 0.249052 0.147094 0.025095 -0.965506 0.010621 0.011720 0.010255 0.001699 0.053506 
0 1 1
0.479216 -0.078091 0.789748 0.054321 0.047852 0.060547 0.009134 0.236356 0.145353 0.026591 -0.966244 0.008789 0.012939 0.012695 0.001944 0.053650 
0 1 1
0.485060 -0.078895 0.785531 0.037598 0.042358 0.082886 0.009543 0.217959 0.144852 0.027049 -0.966147 0.006105 0.008790 0.007691 0.001546 0.050334 
0 1 1
0.479054 -0.080163 0.791113 0.036255 0.038818 0.070923 0.007809 0.203604 0.144934 0.025906 -0.966392 0.005127 0.010498 0.008057 0.001586 0.043150 
0 1 1
0.496888 -0.086685 0.777246 0.056519 0.039673 0.070679 0.009682 0.256028 0.144899 0.025877 -0.966214 0.007812 0.014893 0.010376 0.002037 0.059969 
0 1 1
0.501001 -0.087505 0.771021 0.046509 0.035645 0.049194 0.008044 0.240368 0.144059 0.026890 -0.966439 0.007325 0.014649 0.010499 0.002009 0.057351 
0 1 1
0.493470 -0.085221 0.778696 0.047485 0.052246 0.076904 0.008346 0.200587 0.144697 0.025043 -0.966540 0.007690 0.011719 0.009277 0.001788 0.052863 
0 1 1
0.494349 -0.086743 0.777544 0.037476 0.040161 0.046387 0.006184 0.182606 0.144995 0.024624 -0.966281 0.007202 0.012207 0.010498 0.001825 0.053244 
0 1 1
0.490474 -0.088083 0.780768 0.032959 0.039551 0.051025 0.006536 0.174189 0.144990 0.024644 -0.965480 0.005981 0.009888 0.030396 0.003430 0.052074 
0 1 1
0.499930 -0.085708 0.776982 0.058838 0.038452 0.062012 0.009535 0.222700 0.145311 0.024102 -0.966447 0.006105 0.010865 0.006105 0.001332 0.036381 
0 1 1
0.499901 -0.097204 0.774845 0.044678 0.045044 0.050049 0.006822 0.162510 0.145654 0.023618 -0.966007 0.007813 0.012208 0.007569 0.001637 0.044188 
0 1 1
0.488498 -0.097537 0.780005 0.056641 0.048218 0.030518 0.006728 0.191002 0.145662 0.023705 -0.966538 0.007325 0.010377 0.007813 0.001540 0.044440 
0 1 1
0.488109 -0.093275 0.783115 0.041260 0.036255 0.049561 0.007049 0.169213 0.145919 0.023194 -0.966149 0.007325 0.011964 0.008790 0.001927 0.062529 
0 1 1
0.484333 -0.094891 0.785285 0.052490 0.045532 0.045898 0.006237 0.169085 0.145984 0.023224 -0.966276 0.005860 0.010133 0.007325 0.001611 0.049980 
0 1 1
0.466532 -0.106035 0.796958 0.049683 0.048828 0.064819 0.007906 0.179741 0.146944 0.024374 -0.966369 0.014405 0.029054 0.031495 0.004268 0.094041 
0 1 1
0.440757 -0.137839 0.812085 0.052246 0.097656 0.071167 0.010343 0.264870 0.187913 0.038251 -0.952471 0.068359 0.049561 0.043945 0.008229 0.239850 
0 1 1
0.445846 -0.142197 0.809141 0.054810 0.036865 0.045532 0.007001 0.183768 0.184012 0.031901 -0.955566 0.034181 0.048951 0.059205 0.006450 0.111105 
0 1 1
0.437705 -0.146797 0.813302 0.086670 0.057739 0.090088 0.009678 0.253799 0.178761 0.028971 -0.957205 0.006593 0.015382 0.009888 0.002019 0.053510 
0 1 1
0.587121 -0.293750 0.640343 0.018311 0.034668 0.064209 0.008029 0.167663 -0.165698 0.243785 -0.974497 0.008302 0.009034 0.006959 0.001482 0.043752 
0 1 1
0.582497 -0.294852 0.643024 0.020630 0.034424 0.073853 0.008436 0.182412 -0.166229 0.243668 -0.974321 0.009521 0.011230 0.008179 0.001546 0.047316 
0 1 1
0.578879 -0.295986 0.644730 0.022705 0.028320 0.044312 0.005215 0.131905 -0.166535 0.243507 -0.974274 0.007568 0.010864 0.005493 0.001387 0.042759 
0 1 1
0.575851 -0.299033 0.649035 0.020752 0.037964 0.081055 0.008038 0.165985 -0.166053 0.243748 -0.974434 0.010864 0.012939 0.009888 0.001808 0.054749 
0 1 1
0.571628 -0.300706 0.653101 0.017212 0.030762 0.053345 0.008160 0.181337 -0.166092 0.243753 -0.974526 0.008790 0.009400 0.008668 0.001726 0.051879 
0 1 1
0.570824 -0.302474 0.651439 0.019043 0.033691 0.050171 0.006050 0.146535 -0.166530 0.243940 -0.974481 0.009644 0.008301 0.008179 0.001545 0.046093 
0 1 1
0.569907 -0.306300 0.651559 0.019897 0.033813 0.069336 0.009683 0.230502 -0.166715 0.243620 -0.974681 0.007812 0.009277 0.007324 0.001524 0.043249 
0 1 1
0.567964 -0.308434 0.650352 0.021118 0.019653 0.040649 0.004765 0.122175 -0.166908 0.243435 -0.974714 0.009033 0.009155 0.006348 0.001439 0.044313 
0 1 1
0.568540 -0.310299 0.650265 0.021484 0.040039 0.061768 0.006757 0.147090 -0.167354 0.243468 -0.974453 0.009033 0.008057 0.007690 0.001383 0.040849 
0 1 1
0.564687 -0.312677 0.652337 0.020508 0.031738 0.071411 0.007869 0.153414 -0.167542 0.243739 -0.974587 0.009522 0.015626 0.008058 0.001513 0.041242 
0 1 1
0.570999 -0.306911 0.648639 0.031250 0.040771 0.062622 0.008277 0.216053 -0.167578 0.243653 -0.974691 0.013916 0.021118 0.012451 0.001915 0.054549 
0 1 1
0.573623 -0.320485 0.638690 0.072266 0.089233 0.100098 0.009789 0.261863 -0.168633 0.242830 -0.975076 0.016847 0.033082 0.015870 0.002176 0.058976 
0 1 1
0.566040 -0.356470 0.628402 0.029175 0.031372 0.051025 0.006723 0.168452 -0.164684 0.229079 -0.978387 0.070313 0.034425 0.049317 0.008933 0.117547 
0 1 1
0.570955 -0.360068 0.619805 0.051514 0.076782 0.058838 0.011177 0.245075 -0.129264 0.223324 -0.981782 0.066772 0.073364 0.075562 0.010303 0.264368 
0 1 1
0.580981 -0.374901 0.600303 0.036987 0.041992 0.048096 0.008135 0.202085 -0.109045 0.216594 -0.983026 0.092530 0.047730 0.076051 0.011686 0.273927 
0 1 1
0.576025 -0.379919 0.603117 0.027466 0.022705 0.040039 0.005190 0.142110 -0.100645 0.207477 -0.984129 0.010011 0.010133 0.006471 0.001483 0.040736 
0 1 1
0.566382 -0.385003 0.609928 0.038208 0.024780 0.052246 0.004879 0.124231 -0.100892 0.206886 -0.984224 0.009155 0.007568 0.008545 0.001717 0.049285 
0 1 1
0.560954 -0.387630 0.614976 0.046631 0.052368 0.099243 0.008943 0.207289 -0.101431 0.207049 -0.984139 0.009767 0.013307 0.006471 0.001469 0.039505 
0 1 1
0.563094 -0.377088 0.618465 0.021851 0.039917 0.065063 0.007801 0.249640 -0.101375 0.207202 -0.984074 0.010742 0.009155 0.007446 0.001602 0.048733 
0 1 1
0.565039 -0.396650 0.604689 0.027466 0.026855 0.055786 0.006571 0.178039 -0.101751 0.207461 -0.984351 0.009644 0.006592 0.005859 0.001165 0.035483 
0 1 1
-0.106413 0.105449 -1.041935 0.080566 0.070068 0.101440 0.012712 0.329459 0.047814 0.046574 -0.986322 0.011719 0.011475 0.012939 0.002326 0.068892 
1 0 0
-0.064233 0.106507 -1.040493 0.059570 0.065308 0.110474 0.014460 0.315548 0.048252 0.046418 -0.986409 0.011720 0.022584 0.012696 0.002482 0.078228 
1 0 0
-0.076989 0.110010 -1.040910 0.019897 0.044800 0.098755 0.011498 0.239863 0.047519 0.047188 -0.986480 0.012451 0.017090 0.016602 0.002633 0.075575 
1 0 0
-0.076343 0.111515 -1.041364 0.014160 0.045410 0.102051 0.009884 0.187950 0.047658 0.048032 -0.986274 0.010864 0.014526 0.013062 0.002253 0.065464 
1 0 0
-0.077389 0.114069 -1.042492 0.014648 0.036255 0.055908 0.008708 0.186849 0.047809 0.047938 -0.986396 0.010377 0.009278 0.013795 0.002068 0.056865 
1 0 0
-0.087754 0.109785 -1.042529 0.018433 0.032227 0.046387 0.006549 0.159070 0.048009 0.046391 -0.986540 0.011597 0.014526 0.012329 0.002221 0.070487 
1 0 0
-0.089933 0.105799 -1.040410 0.023438 0.021851 0.077148 0.010542 0.207406 0.048092 0.043986 -0.986590 0.010864 0.011475 0.009766 0.002015 0.063248 
1 0 0
-0.089627 0.109142 -1.041525 0.028320 0.026123 0.082886 0.010318 0.201208 0.048026 0.043276 -0.986551 0.010986 0.010132 0.008301 0.001870 0.053794 
1 0 0
-0.088314 0.105301 -1.043141 0.020142 0.030273 0.042969 0.006919 0.176292 0.048273 0.044036 -0.986522 0.011475 0.017212 0.009766 0.001989 0.063467 
1 0 0
-0.084974 0.110283 -1.040768 0.025879 0.068237 0.073853 0.011510 0.228853 0.048171 0.044043 -0.986965 0.011231 0.015503 0.009767 0.002233 0.071205 
1 0 0
-0.080259 0.118345 -1.041165 0.017212 0.037109 0.087769 0.011277 0.255360 0.047208 0.043136 -0.986781 0.019165 0.036011 0.053833 0.005940 0.144938 
1 0 0
-0.081434 0.113267 -1.040882 0.022095 0.053833 0.076294 0.009696 0.203170 0.047479 0.039320 -0.987303 0.020264 0.029419 0.054810 0.006766 0.182509 
1 0 0
-0.080330 0.102036 -1.041328 0.017212 0.021851 0.075317 0.010082 0.220014 0.049025 0.040438 -0.986317 0.013917 0.015016 0.008668 0.002081 0.068968 
1 0 0
-0.078737 0.099347 -1.043345 0.023193 0.040894 0.101440 0.011268 0.219795 0.049120 0.041804 -0.986309 0.009645 0.008912 0.011109 0.002359 0.068855 
1 0 0
-0.070124 0.099748 -1.044289 0.040039 0.036621 0.063843 0.009696 0.229629 0.050017 0.041782 -0.986704 0.012573 0.014771 0.010620 0.002279 0.073120 
1 0 0
-0.067487 0.103581 -1.041257 0.018921 0.028809 0.083374 0.010885 0.201970 0.049248 0.040781 -0.986738 0.010499 0.012818 0.012208 0.002304 0.066696 
1 0 0
-0.068374 0.101904 -1.041556 0.019531 0.018677 0.061890 0.008074 0.167288 0.048701 0.040167 -0.986753 0.008667 0.012939 0.008057 0.001774 0.054068 
1 0 0
-0.063145 0.098836 -1.041141 0.021851 0.052490 0.082764 0.010697 0.192137 0.048940 0.039937 -0.986862 0.008057 0.012817 0.008423 0.001732 0.049035 
1 0 0
-0.057962 0.159517 -1.033309 0.044678 0.114380 0.110718 0.013464 0.309988 0.048397 0.040322 -0.986883 0.015747 0.020142 0.011963 0.002333 0.067783 
1 0 0
-0.030967 0.165024 -1.030934 0.020264 0.043335 0.103149 0.011934 0.258132 0.048410 0.041012 -0.986631 0.013794 0.029785 0.009888 0.002180 0.066082 
1 0 0
-0.171250 0.251768 -1.012764 0.036621 0.031982 0.073120 0.010246 0.230888 -0.241509 -0.066584 -0.990321 0.016602 0.026489 0.022827 0.004010 0.122900 
1 0 0
-0.175897 0.254333 -1.011354 0.036743 0.031250 0.072266 0.009928 0.215589 -0.241016 -0.066522 -0.990474 0.018188 0.014160 0.013794 0.002700 0.075332 
1 0 0
-0.181904 0.258800 -1.009372 0.038818 0.023438 0.045044 0.006782 0.183841 -0.240929 -0.068076 -0.990107 0.020997 0.020387 0.015504 0.003094 0.092335 
1 0 0
-0.184313 0.260957 -1.005684 0.041626 0.030151 0.074097 0.010105 0.215586 -0.240965 -0.069736 -0.990313 0.020996 0.014648 0.018066 0.003941 0.112291 
1 0 0
-0.182725 0.263468 -1.008060 0.047607 0.023438 0.072021 0.012044 0.228017 -0.240513 -0.071667 -0.990203 0.013306 0.016724 0.016235 0.003172 0.091614 
1 0 0
-0.175962 0.260407 -1.009860 0.041870 0.041626 0.077271 0.012369 0.257966 -0.239240 -0.074720 -0.990176 0.016480 0.021119 0.014894 0.003189 0.097031 
1 0 0
-0.171859 0.262629 -1.009740 0.049194 0.029297 0.076660 0.011818 0.217694 -0.238809 -0.078879 -0.989919 0.017945 0.025636 0.021119 0.003872 0.094926 
1 0 0
-0.175938 0.262437 -1.008608 0.039062 0.030273 0.072754 0.011448 0.231695 -0.238628 -0.079696 -0.990063 0.016846 0.018799 0.014771 0.002888 0.087579 
1 0 0
-0.173358 0.263517 -1.009813 0.037598 0.026611 0.079346 0.011111 0.242559 -0.238346 -0.080540 -0.990280 0.016724 0.018311 0.019043 0.002674 0.076029 
1 0 0
-0.168641 0.266382 -1.006348 0.034546 0.029663 0.062134 0.010580 0.196074 -0.238529 -0.081160 -0.989577 0.017091 0.015748 0.014649 0.002694 0.084626 
1 0 0
-0.169967 0.262987 -1.007287 0.036743 0.035889 0.063354 0.009338 0.175311 -0.238586 -0.081392 -0.989769 0.018067 0.019044 0.015504 0.002754 0.073467 
1 0 0
-0.166123 0.264110 -1.010140 0.037476 0.033081 0.069824 0.011015 0.223153 -0.238441 -0.081882 -0.989972 0.019531 0.020630 0.015137 0.003576 0.110253 
1 0 0
-0.171273 0.257778 -1.007899 0.041626 0.062378 0.079468 0.013623 0.272531 -0.238766 -0.083353 -0.989963 0.021118 0.020020 0.016602 0.003190 0.094521 
1 0 0
-0.178651 0.266136 -1.006434 0.036865 0.047852 0.068848 0.010038 0.233514 -0.238590 -0.085356 -0.990093 0.024170 0.036377 0.032715 0.004402 0.118881 
1 0 0
-0.169565 0.267941 -1.009749 0.037720 0.024658 0.047729 0.008389 0.184594 -0.238188 -0.088288 -0.989657 0.018312 0.017945 0.015748 0.002703 0.085155 
1 0 0
-0.170335 0.265674 -1.009556 0.039673 0.030396 0.048584 0.007978 0.204964 -0.236847 -0.090216 -0.989785 0.015870 0.034424 0.014404 0.002989 0.083548 
1 0 0
-0.177588 0.270238 -1.007311 0.033936 0.044922 0.070801 0.010770 0.242314 -0.237240 -0.090461 -0.989447 0.015748 0.018434 0.015016 0.002931 0.087783 
1 0 0
-0.180695 0.271343 -1.005542 0.038330 0.049683 0.079590 0.011957 0.270256 -0.236952 -0.092197 -0.989325 0.026123 0.023439 0.019653 0.003757 0.110091 
1 0 0
-0.180101 0.264816 -1.008547 0.040283 0.039062 0.077271 0.012301 0.342024 -0.236318 -0.093792 -0.989474 0.021362 0.031616 0.025757 0.003838 0.100575 
1 0 0
-0.169782 0.285718 -1.006104 0.018921 0.043579 0.050659 0.008594 0.194429 -0.235938 -0.095231 -0.988346 0.015382 0.045289 0.016114 0.003343 0.093128 
1 0 0
0.897687 -0.040326 -0.123123 0.742920 0.808838 0.494263 0.216553 2.668405 0.926930 0.089185 0.141807 3.307129 1.454956 3.893555 0.543969 10.266406 
1 0 1
0.888997 -0.022043 -0.143760 1.057007 0.999634 0.480225 0.215482 3.243356 0.973788 0.082449 0.075187 3.403443 1.365602 4.358888 0.638606 12.911987 
1 0 1
0.879421 -0.096530 -0.117061 0.979858 0.791992 0.518433 0.218011 3.284999 0.937761 0.076817 0.122556 2.888185 1.303956 5.533570 0.701367 13.024844 
1 0 1
0.884015 -0.094971 -0.168358 0.760010 0.975464 0.491821 0.185856 2.842540 0.926576 0.073021 0.027961 2.676758 2.453735 5.628052 0.790160 15.660442 
1 0 1
0.883205 -0.071333 -0.185394 0.640381 0.728149 0.467407 0.169288 2.638512 0.903547 0.051061 0.042178 4.776367 1.404785 6.409790 0.753403 12.115544 
1 0 1
0.881143 -0.074007 -0.145579 1.084839 0.878906 0.553101 0.259703 3.669900 0.966803 0.070661 -0.028258 3.234864 1.578370 4.605348 0.722829 12.486098 
1 0 1
0.881314 -0.065609 -0.134808 0.933960 0.875488 0.628052 0.251498 3.205579 0.927687 0.061804 0.115795 3.325074 1.353395 5.245118 0.645692 12.747231 
1 0 1
0.910658 -0.097038 -0.068013 0.920044 1.036865 0.650757 0.253844 3.711572 0.945929 0.075934 0.081580 2.580322 1.959961 5.387451 0.728916 15.021745 
1 0 1
0.882173 -0.038620 -0.081009 1.091553 0.983398 0.687988 0.296814 3.940001 1.024979 0.064821 -0.079660 4.152588 1.897095 5.819214 0.864926 17.740185 
1 0 1
0.903716 -0.049442 -0.116126 0.925903 1.167603 0.600464 0.221842 3.098467 1.023438 0.107758 0.102404 4.164308 2.831909 5.245728 0.920622 21.137350 
1 0 1
0.888586 0.000493 -0.155252 0.766357 0.734863 0.460327 0.213171 3.478061 0.947057 0.112581 0.059036 2.630737 2.487061 5.618896 0.773918 14.127444 
1 0 1
0.882098 -0.028239 -0.135757 0.959595 1.062866 0.502319 0.261526 3.818310 0.965506 0.103122 0.076465 2.798340 1.636841 5.855348 0.845205 17.552729 
1 0 1
0.907017 -0.034243 -0.132430 0.921631 0.901611 0.646851 0.269868 3.672183 0.942239 0.092348 0.075748 3.083985 1.489747 5.180177 0.785188 17.614447 
1 0 1
0.879342 -0.051125 -0.149224 0.961060 0.818115 0.622437 0.280274 4.231197 1.059949 0.111474 0.040427 3.581300 1.560670 5.371705 0.839929 18.043808 
1 0 1
0.880394 -0.036984 -0.139435 0.940063 0.855347 0.708008 0.280668 4.178733 0.971051 0.055576 0.071374 4.005371 2.623169 6.431885 0.830910 18.646597 
1 0 1
0.907889 -0.061979 -0.093382 1.214600 0.810913 0.756348 0.281555 3.923813 0.917604 0.079594 0.137392 3.775636 1.544313 6.504518 0.825187 16.399723 
1 0 1
0.886699 -0.019624 -0.106222 1.157471 0.885864 0.633911 0.302254 4.169122 1.010361 0.083703 0.047972 4.164917 1.643066 5.983765 0.889394 19.307516 
1 0 1
0.879790 -0.040483 -0.139505 0.890381 1.079956 0.590576 0.253573 3.775787 0.944103 0.059700 0.074363 3.898926 1.791261 5.502441 0.841650 18.943285 
1 0 1
0.902695 -0.007832 -0.117529 0.897827 0.797729 0.546875 0.237045 3.455708 1.007084 0.042029 0.000959 3.547364 1.503906 5.591432 0.838171 17.358015 
1 0 1
0.898442 -0.045140 -0.087601 0.936035 0.779419 0.682861 0.241585 3.509662 0.965064 0.046974 0.121946 3.695558 1.761475 5.694214 0.753511 15.632473 
1 0 1
0.899383 -0.014769 -0.068104 1.952759 1.230225 0.589844 0.321570 4.449903 0.959578 0.155672 0.126647 3.668823 2.762939 6.530029 0.817614 16.671171 
1 0 1
0.871750 -0.043376 -0.103244 1.030273 0.952026 0.607056 0.272406 3.959752 0.983716 0.068089 0.055806 3.394043 2.271851 5.311157 0.857450 19.176332 
1 0 1
0.891789 -0.038473 -0.155508 1.012085 1.059082 0.702026 0.290764 4.765548 1.019329 0.109786 0.068701 4.557983 2.618531 6.495118 0.946914 20.684872 
1 0 1
0.883693 -0.023394 -0.167586 1.027466 0.814941 0.661987 0.275375 4.364528 0.941541 0.130275 0.042679 4.344238 1.647705 6.302612 0.953185 20.640585 
1 0 1
0.894775 -0.039038 -0.120373 0.891357 0.827515 0.747925 0.244719 3.485846 0.997311 0.067395 0.033324 3.768677 1.595216 5.295166 0.888008 18.862738 
1 0 1
0.898831 -0.029570 -0.139341 0.894531 0.737183 0.594849 0.229742 3.158711 0.946682 0.055012 0.034557 3.759278 1.200196 5.269654 0.845952 15.415814 
1 0 1
0.889014 -0.050791 -0.174567 0.956909 0.666870 0.838257 0.223027 3.566185 0.933807 0.072739 0.035916 3.740723 1.420410 4.497314 0.690454 13.870343 
1 0 1
0.888062 -0.030799 -0.147578 0.953735 0.727417 0.578369 0.210494 3.318130 0.961763 0.070565 -0.004368 3.872926 1.580689 6.004640 0.892337 17.872997 
1 0 1
0.892505 -0.039819 -0.135228 0.814819 0.723511 0.443115 0.173724 2.733155 0.953189 0.089042 0.003272 1.714723 1.526856 5.169923 0.618022 11.077969 
1 0 1
0.878818 -0.108460 -0.101064 0.753906 1.169189 0.447632 0.181495 2.906272 1.020043 0.073530 -0.001777 3.121583 1.506593 4.456300 0.802876 17.490095 
1 0 1
0.903257 -0.024504 -0.145853 0.973999 0.870728 0.711426 0.263588 3.875510 0.961556 0.081452 0.025729 3.554688 1.795899 5.727417 0.880791 19.803688 
1 0 1
0.890703 -0.053563 -0.152456 1.047607 0.837769 0.570068 0.253977 3.847281 0.945960 0.075795 -0.028088 4.294190 2.082521 5.728517 0.940381 20.572657 
1 0 1
0.888498 0.046717 -0.109007 0.643677 0.733276 0.475220 0.139132 2.321846 0.968126 0.091718 0.048591 2.546388 1.702272 5.609254 0.584012 10.933640 
1 0 1
0.894451 -0.019131 -0.106405 0.875488 0.848145 0.445312 0.212045 2.831364 0.980383 0.089141 0.002738 4.408447 1.995361 5.785889 0.869500 17.299730 
1 0 1
0.913027 -0.044709 -0.150506 1.016724 0.774780 0.588867 0.256509 3.503906 0.878293 0.073382 0.085282 2.724487 1.526733 5.691040 0.766918 14.720490 
1 0 1
0.897806 0.006061 -0.072243 0.869507 0.715210 0.525635 0.212267 3.019311 0.974357 0.088073 0.018892 2.639404 1.847168 5.045410 0.723144 15.118213 
1 0 1
0.890006 -0.056986 -0.120273 0.928101 0.809082 0.530640 0.219588 2.998474 0.958073 0.090513 0.083224 3.267822 1.957642 4.738647 0.804547 16.949259 
1 0 1
0.891737 0.003099 -0.110334 0.828125 0.964722 0.451294 0.186603 2.897434 0.927814 0.103191 0.114140 2.832521 2.454591 5.723390 0.787179 12.764271 
1 0 1
0.900828 -0.044772 -0.134072 1.183228 0.914551 0.450073 0.197937 2.922746 0.955260 0.063464 0.014941 4.185791 2.305298 6.285645 0.882293 14.984670 
1 0 1
0.897155 -0.082570 -0.157344 0.857178 0.777710 0.570312 0.195969 3.063782 0.875796 0.089575 0.045715 3.902832 2.415771 6.360962 0.737353 12.110347 
1 0 1

